4.00  6.5 40.51  7.45453  8.365581
4.02  3.7 85.76  7.54543  7.333445
4.04  4.9 81.52  4.09087  6.624489
4.06  1.9 63.13  7.00003  3.991430
4.08  5.0 41.21  3.36367  4.437986
4.10  7.0 66.67  2.18179  7.234744
4.12  4.4 25.66  7.72723  4.468042
4.14  2.0 43.33  4.99996  2.656121
4.16  8.9 75.86  4.45456 10.397442
4.18  6.4 75.15  9.09091 10.315343
4.20  7.6 32.73  2.27269  4.693416
4.22  9.0 61.01  8.18182 11.497496
4.24  6.1 68.08  6.27274  7.868053
4.26  1.5 29.19  6.90913  1.975635
4.28  9.1 31.31  6.45454  7.180061
4.30  8.2 53.23  4.72726  7.891664
4.32  3.6 61.72  3.27277  3.921921
4.34  1.7 83.64  4.54546  2.693816
4.36  2.3 39.09  1.72729  1.790099
4.38  3.4 77.98  1.63639  3.685746
4.40  0.5 58.89  2.81818  0.862071
4.42  1.1 51.82  8.90911  2.115649
4.44  5.5 46.16  9.90910  6.474880
4.46  3.9 54.65  7.36363  4.739051
4.48  6.7 22.83  4.27276  3.816187
4.51  8.3 51.11  1.45459  6.284822
4.53  7.2 89.29  6.00004  8.906386
4.55  2.5 78.69  8.81821  4.135405
4.57  8.6 36.97  9.18181  7.519396
4.59  9.9 39.80  3.72727  6.625405
4.61  4.1 22.12  2.63638  1.999900
4.63  0.2 73.03  6.63634  0.690468
4.65  5.2 56.77  1.00000  4.268434
4.67  7.5 86.46  2.54548  7.409880
4.69  9.8 68.79  5.72725 10.094481
4.71  0.1 48.99  5.45455  0.334334
4.73  1.2 24.24  3.90907  0.851500
4.75  2.9 29.90  9.45451  2.627406
4.77  6.8 44.75  6.18184  5.605741
4.79  6.6 21.41  7.90912  4.039773
4.81  5.4 71.62  9.54541  6.999305
4.83  3.8 41.92  4.18186  2.854635
4.85  8.7 82.22  8.00002 10.653821
4.87  4.3 87.88  4.81816  4.805670
4.89  3.3 20.71  6.81814  2.072293
4.91  8.5 58.18  9.36361  8.804611
4.93  1.3 70.91  1.90909  1.355213
4.95  9.4 65.25  2.09089  7.702083
4.97  0.4 38.38  7.81822  0.500225
4.99  2.6 56.06 10.00000  3.132580
5.01  6.2 67.37  3.63637  6.913744
5.03  8.8 23.54  5.27275  6.528055
5.05  0.6 42.63  2.45458  0.584710
5.07  3.0 64.55  5.63635  3.859782
5.09  5.8 34.85  1.18180  3.766693
5.11 10.0 45.45  7.09093 11.150185
5.13  5.6 37.68  9.63640  6.943466
5.15  1.0 85.05  3.81817  5.612498
5.17  1.4 76.57  9.00001  2.486424
5.19  3.1 50.40  1.09090  2.783698
5.21  4.8 87.17  8.36362  7.641370
5.23  2.1 88.59  6.72724  5.612498
5.25  4.0 80.81  1.54549  4.571468
5.27  8.1 27.78  2.36368  4.782811
5.29  5.3 20.00  4.90906  3.733477
5.31  7.1 77.27  9.72730 11.721809
5.33  1.6 27.07  5.09095  1.403542
5.35  9.7 46.87  3.18178  8.556195
5.37  9.3 80.10  3.99997 11.203022
5.39  8.0 26.36  8.45452  7.609633
5.41  7.4 73.74  1.27270  8.195188
5.43  6.3 52.53  5.18185  6.936973
5.45  5.7 90.00  4.36366  7.574457
5.47  2.4 28.48  8.72731  2.739478
5.49  9.6 70.20  8.27272 14.160210
5.52  0.7 55.35  8.63632  1.115193
5.54  0.3 49.70  5.36365  0.402100
5.56  7.9 84.34  6.54544 11.699097
5.58  8.4 48.28  9.27271 11.046450
5.60  4.6 57.47  9.81820  7.157315
5.62  1.8 32.02  1.99999  1.301582
5.64  3.5 47.58  7.18183  4.430461
5.66  0.8 72.32  6.09094  1.279440
5.68  9.2 34.14  5.90905  8.376476
5.70  0.9 62.42  2.72728  1.164585
5.72  4.5 59.60  1.36360  5.057378
5.74  7.8 53.94  1.81819  7.845822
5.76  9.5 60.30  5.54545 11.913809
5.78  2.8 79.39  2.99998  4.282992
5.80  4.7 24.95  2.90908  3.057844
5.82  6.9 63.84  7.27273 10.217948
5.84  6.0 30.61  5.81815  5.478199
5.86  7.3 74.44  3.54547 10.301376
5.88  2.7 69.49  8.09092  4.945332
5.90  5.9 36.26  8.54542  6.915999
5.92  7.7 35.56  3.09088  6.293481
5.94  3.2 44.04  3.45457  3.460103
5.96  4.2 65.96  4.63636  6.398156
5.98  5.1 82.93  7.63633 10.197768
6.00  2.2 33.43  6.36364  2.535375